81 1134
1 2
1 3
1 4
1 5
1 6
1 7
1 8
1 9
1 10
1 11
1 12
1 19
1 20
1 21
1 28
1 37
1 46
1 55
1 64
1 73
2 1
2 3
2 4
2 5
2 6
2 7
2 8
2 9
2 10
2 11
2 12
2 19
2 20
2 21
2 29
2 38
2 47
2 56
2 65
2 74
3 1
3 2
3 4
3 5
3 6
3 7
3 8
3 9
3 10
3 11
3 12
3 19
3 20
3 21
3 30
3 39
3 48
3 57
3 66
3 75
4 5
4 6
4 7
4 8
4 9
4 13
4 14
4 15
4 22
4 23
4 24
4 31
4 40
4 49
4 58
4 67
4 76
5 4
5 6
5 7
5 8
5 9
5 13
5 14
5 15
5 22
5 23
5 24
5 32
5 41
5 50
5 59
5 68
5 77
6 4
6 5
6 7
6 8
6 9
6 13
6 14
6 15
6 22
6 23
6 24
6 33
6 42
6 51
6 60
6 69
6 78
7 8
7 9
7 16
7 17
7 18
7 25
7 26
7 27
7 34
7 43
7 52
7 61
7 70
7 79
8 7
8 9
8 16
8 17
8 18
8 25
8 26
8 27
8 35
8 44
8 53
8 62
8 71
8 80
9 7
9 8
9 16
9 17
9 18
9 25
9 26
9 27
9 36
9 45
9 54
9 63
9 72
9 81
10 1
10 2
10 3
10 11
10 12
10 13
10 14
10 15
10 16
10 17
10 18
10 19
10 20
10 21
10 28
10 37
10 46
10 55
10 64
10 73
11 1
11 2
11 3
11 10
11 12
11 13
11 14
11 15
11 16
11 17
11 18
11 19
11 20
11 21
11 29
11 38
11 47
11 56
11 65
11 74
12 1
12 2
12 3
12 10
12 11
12 13
12 14
12 15
12 16
12 17
12 18
12 19
12 20
12 21
12 30
12 39
12 48
12 57
12 66
12 75
13 4
13 5
13 6
13 14
13 15
13 16
13 17
13 18
13 22
13 23
13 24
13 31
13 40
13 49
13 58
13 67
13 76
14 4
14 5
14 6
14 13
14 15
14 16
14 17
14 18
14 22
14 23
14 24
14 32
14 41
14 50
14 59
14 68
14 77
15 4
15 5
15 6
15 13
15 14
15 16
15 17
15 18
15 22
15 23
15 24
15 33
15 42
15 51
15 60
15 69
15 78
16 7
16 8
16 9
16 17
16 18
16 25
16 26
16 27
16 34
16 43
16 52
16 61
16 70
16 79
17 7
17 8
17 9
17 16
17 18
17 25
17 26
17 27
17 35
17 44
17 53
17 62
17 71
17 80
18 7
18 8
18 9
18 16
18 17
18 25
18 26
18 27
18 36
18 45
18 54
18 63
18 72
18 81
19 1
19 2
19 3
19 10
19 11
19 12
19 20
19 21
19 22
19 23
19 24
19 25
19 26
19 27
19 28
19 37
19 46
19 55
19 64
19 73
20 1
20 2
20 3
20 10
20 11
20 12
20 19
20 21
20 22
20 23
20 24
20 25
20 26
20 27
20 29
20 38
20 47
20 56
20 65
20 74
21 1
21 2
21 3
21 10
21 11
21 12
21 19
21 20
21 22
21 23
21 24
21 25
21 26
21 27
21 30
21 39
21 48
21 57
21 66
21 75
22 4
22 5
22 6
22 13
22 14
22 15
22 23
22 24
22 25
22 26
22 27
22 31
22 40
22 49
22 58
22 67
22 76
23 4
23 5
23 6
23 13
23 14
23 15
23 22
23 24
23 25
23 26
23 27
23 32
23 41
23 50
23 59
23 68
23 77
24 4
24 5
24 6
24 13
24 14
24 15
24 22
24 23
24 25
24 26
24 27
24 33
24 42
24 51
24 60
24 69
24 78
25 7
25 8
25 9
25 16
25 17
25 18
25 26
25 27
25 34
25 43
25 52
25 61
25 70
25 79
26 7
26 8
26 9
26 16
26 17
26 18
26 25
26 27
26 35
26 44
26 53
26 62
26 71
26 80
27 7
27 8
27 9
27 16
27 17
27 18
27 25
27 26
27 36
27 45
27 54
27 63
27 72
27 81
28 29
28 30
28 31
28 32
28 33
28 34
28 35
28 36
28 37
28 38
28 39
28 46
28 47
28 48
28 55
28 64
28 73
29 28
29 30
29 31
29 32
29 33
29 34
29 35
29 36
29 37
29 38
29 39
29 46
29 47
29 48
29 56
29 65
29 74
30 28
30 29
30 31
30 32
30 33
30 34
30 35
30 36
30 37
30 38
30 39
30 46
30 47
30 48
30 57
30 66
30 75
31 32
31 33
31 34
31 35
31 36
31 40
31 41
31 42
31 49
31 50
31 51
31 58
31 67
31 76
32 31
32 33
32 34
32 35
32 36
32 40
32 41
32 42
32 49
32 50
32 51
32 59
32 68
32 77
33 31
33 32
33 34
33 35
33 36
33 40
33 41
33 42
33 49
33 50
33 51
33 60
33 69
33 78
34 35
34 36
34 43
34 44
34 45
34 52
34 53
34 54
34 61
34 70
34 79
35 34
35 36
35 43
35 44
35 45
35 52
35 53
35 54
35 62
35 71
35 80
36 34
36 35
36 43
36 44
36 45
36 52
36 53
36 54
36 63
36 72
36 81
37 28
37 29
37 30
37 38
37 39
37 40
37 41
37 42
37 43
37 44
37 45
37 46
37 47
37 48
37 55
37 64
37 73
38 28
38 29
38 30
38 37
38 39
38 40
38 41
38 42
38 43
38 44
38 45
38 46
38 47
38 48
38 56
38 65
38 74
39 28
39 29
39 30
39 37
39 38
39 40
39 41
39 42
39 43
39 44
39 45
39 46
39 47
39 48
39 57
39 66
39 75
40 31
40 32
40 33
40 41
40 42
40 43
40 44
40 45
40 49
40 50
40 51
40 58
40 67
40 76
41 31
41 32
41 33
41 40
41 42
41 43
41 44
41 45
41 49
41 50
41 51
41 59
41 68
41 77
42 31
42 32
42 33
42 40
42 41
42 43
42 44
42 45
42 49
42 50
42 51
42 60
42 69
42 78
43 34
43 35
43 36
43 44
43 45
43 52
43 53
43 54
43 61
43 70
43 79
44 34
44 35
44 36
44 43
44 45
44 52
44 53
44 54
44 62
44 71
44 80
45 34
45 35
45 36
45 43
45 44
45 52
45 53
45 54
45 63
45 72
45 81
46 28
46 29
46 30
46 37
46 38
46 39
46 47
46 48
46 49
46 50
46 51
46 52
46 53
46 54
46 55
46 64
46 73
47 28
47 29
47 30
47 37
47 38
47 39
47 46
47 48
47 49
47 50
47 51
47 52
47 53
47 54
47 56
47 65
47 74
48 28
48 29
48 30
48 37
48 38
48 39
48 46
48 47
48 49
48 50
48 51
48 52
48 53
48 54
48 57
48 66
48 75
49 31
49 32
49 33
49 40
49 41
49 42
49 50
49 51
49 52
49 53
49 54
49 58
49 67
49 76
50 31
50 32
50 33
50 40
50 41
50 42
50 49
50 51
50 52
50 53
50 54
50 59
50 68
50 77
51 31
51 32
51 33
51 40
51 41
51 42
51 49
51 50
51 52
51 53
51 54
51 60
51 69
51 78
52 34
52 35
52 36
52 43
52 44
52 45
52 53
52 54
52 61
52 70
52 79
53 34
53 35
53 36
53 43
53 44
53 45
53 52
53 54
53 62
53 71
53 80
54 34
54 35
54 36
54 43
54 44
54 45
54 52
54 53
54 63
54 72
54 81
55 56
55 57
55 58
55 59
55 60
55 61
55 62
55 63
55 64
55 65
55 66
55 73
55 74
55 75
56 55
56 57
56 58
56 59
56 60
56 61
56 62
56 63
56 64
56 65
56 66
56 73
56 74
56 75
57 55
57 56
57 58
57 59
57 60
57 61
57 62
57 63
57 64
57 65
57 66
57 73
57 74
57 75
58 59
58 60
58 61
58 62
58 63
58 67
58 68
58 69
58 76
58 77
58 78
59 58
59 60
59 61
59 62
59 63
59 67
59 68
59 69
59 76
59 77
59 78
60 58
60 59
60 61
60 62
60 63
60 67
60 68
60 69
60 76
60 77
60 78
61 62
61 63
61 70
61 71
61 72
61 79
61 80
61 81
62 61
62 63
62 70
62 71
62 72
62 79
62 80
62 81
63 61
63 62
63 70
63 71
63 72
63 79
63 80
63 81
64 55
64 56
64 57
64 65
64 66
64 67
64 68
64 69
64 70
64 71
64 72
64 73
64 74
64 75
65 55
65 56
65 57
65 64
65 66
65 67
65 68
65 69
65 70
65 71
65 72
65 73
65 74
65 75
66 55
66 56
66 57
66 64
66 65
66 67
66 68
66 69
66 70
66 71
66 72
66 73
66 74
66 75
67 58
67 59
67 60
67 68
67 69
67 70
67 71
67 72
67 76
67 77
67 78
68 58
68 59
68 60
68 67
68 69
68 70
68 71
68 72
68 76
68 77
68 78
69 58
69 59
69 60
69 67
69 68
69 70
69 71
69 72
69 76
69 77
69 78
70 61
70 62
70 63
70 71
70 72
70 79
70 80
70 81
71 61
71 62
71 63
71 70
71 72
71 79
71 80
71 81
72 61
72 62
72 63
72 70
72 71
72 79
72 80
72 81
73 55
73 56
73 57
73 64
73 65
73 66
73 74
73 75
73 76
73 77
73 78
73 79
73 80
73 81
74 55
74 56
74 57
74 64
74 65
74 66
74 73
74 75
74 76
74 77
74 78
74 79
74 80
74 81
75 55
75 56
75 57
75 64
75 65
75 66
75 73
75 74
75 76
75 77
75 78
75 79
75 80
75 81
76 58
76 59
76 60
76 67
76 68
76 69
76 77
76 78
76 79
76 80
76 81
77 58
77 59
77 60
77 67
77 68
77 69
77 76
77 78
77 79
77 80
77 81
78 58
78 59
78 60
78 67
78 68
78 69
78 76
78 77
78 79
78 80
78 81
79 61
79 62
79 63
79 70
79 71
79 72
79 80
79 81
80 61
80 62
80 63
80 70
80 71
80 72
80 79
80 81
81 61
81 62
81 63
81 70
81 71
81 72
81 79
81 80
0 0 1 0 0 0 0 0 4 0 2 3 1 0 0 9 0 0 0 8 6 0 5 0 3 0 0 0 6 0 0 4 0 0 0 0 3 0 0 9 0 1 0 0 5 0 0 0 0 7 0 0 3 0 0 0 4 0 3 0 6 1 0 0 0 2 0 0 5 8 4 0 7 0 0 0 0 0 5 0 0