36 180
1 2
1 3
1 4
1 5
1 6
1 7
1 13
1 19
1 25
1 31
2 3
2 4
2 5
2 6
2 8
2 14
2 20
2 26
2 32
3 4
3 5
3 6
3 9
3 15
3 21
3 27
3 33
4 5
4 6
4 10
4 16
4 22
4 28
4 34
5 6
5 11
5 17
5 23
5 29
5 35
6 12
6 18
6 24
6 30
6 36
7 8
7 9
7 10
7 11
7 12
7 13
7 19
7 25
7 31
8 9
8 10
8 11
8 12
8 14
8 20
8 26
8 32
9 10
9 11
9 12
9 15
9 21
9 27
9 33
10 11
10 12
10 16
10 22
10 28
10 34
11 12
11 17
11 23
11 29
11 35
12 18
12 24
12 30
12 36
13 14
13 15
13 16
13 17
13 18
13 19
13 25
13 31
14 15
14 16
14 17
14 18
14 20
14 26
14 32
15 16
15 17
15 18
15 21
15 27
15 33
16 17
16 18
16 22
16 28
16 34
17 18
17 23
17 29
17 35
18 24
18 30
18 36
19 20
19 21
19 22
19 23
19 24
19 25
19 31
20 21
20 22
20 23
20 24
20 26
20 32
21 22
21 23
21 24
21 27
21 33
22 23
22 24
22 28
22 34
23 24
23 29
23 35
24 30
24 36
25 26
25 27
25 28
25 29
25 30
25 31
26 27
26 28
26 29
26 30
26 32
27 28
27 29
27 30
27 33
28 29
28 30
28 34
29 30
29 35
30 36
31 32
31 33
31 34
31 35
31 36
32 33
32 34
32 35
32 36
33 34
33 35
33 36
34 35
34 36
35 36
0 0 3 0 1 0 5 6 0 3 2 0 0 5 4 2 0 3 2 0 6 4 5 0 0 1 2 0 4 5 0 4 0 1 0 0